1	0	541739
2	0	415455
3	0	556928
4	0	536417
5	29832	571614
6	60766	550227
7	61109	570011
8	46277	605612
9	51061	624315
10	53074	637135
11	48239	577817
12	60430	625346
13	68033	587516
14	48972	574482
15	34115	399493
16	79738	614807
17	27857	622513
18	68487	480262
19	48436	493808
20	65706	542481
21	73251	481194
22	93401	502370
23	85222	495769
24	154272	662758
25	119228	700335
26	97302	549373
27	76727	489108
28	90123	428423
29	84147	500083
30	56934	378087
31	55433	661669
32	109036	706608
33	87864	694856
34	90894	603290
35	154009	956828
36	202901	1145139
37	160999	886860
38	201997	946281
39	236941	1144486
40	238065	1177932
41	185527	1184130
42	186315	1064872
43	177383	1139362
44	246230	1566055
45	268521	1451147
46	282520	1556561
47	336834	1879268
48	383591	1780419
49	367480	1530764
50	335036	1453255
51	348034	1496734
52	323751	1764512
53	275423	1655350
54	296285	1861472
55	283142	1954910
56	280881	1854142
57	243992	1708474
58	287722	1828064
59	453646	1848485
60	569537	2508152
61	510068	2253184
62	399093	1998405
63	513930	2310420
64	498695	2176382
65	421330	2090580
66	357259	2027625
67	506973	2175965
68	342757	2224790
69	314152	2140224
70	387581	2042079
71	503035	2408997
72	609323	2480608
73	520865	2009127
74	548856	1867753
75	591826	2178759
76	568617	2174855
77	488184	2471413
78	564355	2794942
79	549581	2898360
80	592104	2931669
81	518586	2699417
82	773520	2879796
83	840420	2754283
84	916483	2854233
85	829694	2829296
86	786210	2609134
87	852963	2836029
88	739327	2525642
89	535108	2506641
90	579962	2597240
91	540340	2814974
92	626653	2866582
93	587850	2768405
94	594819	2627658
95	414415	2359921
96	629775	2653665
97	738347	2765798
98	612920	2478856
99	749370	2716998
100	598542	2488012
101	727610	2636446
102	572712	2705264
103	535546	2857090
104	519547	2585144
105	554415	2766300
106	550979	2868721
107	632692	2807923
108	703396	2850723
109	793027	2849427
110	686926	2469042
111	543939	2194522
112	463763	1754709
113	350179	1694490
114	353448	2039023
115	397035	2287034
116	496327	2582761
117	562015	2689400
118	445205	2072348
119	526562	2232458
120	903974	2757382
121	862707	2641410
122	754612	2227092
123	869211	2987410
124	667966	2806945
125	639570	2862448
126	581856	2905191
127	598221	3117327
128	632795	3382792
129	559995	3087917
130	741002	3257639
131	840761	3135967
132	974937	3725980
133	849165	3044624
134	817277	3061243
135	1012570	3333239
136	953853	3443134
137	962178	4018913
138	861893	3877306
139	684839	4184139
140	816130	4396759
141	784929	4086323
142	954835	4584699
143	1066456	4551257
144	1101875	4385155
145	1305932	4676835
146	1295779	3991054
147	1718513	4520766
148	1308595	4212183
149	996097	4242969
150	837270	4310403
151	847909	4692259
152	858840	4788804
153	923631	4732232
154	1175581	4616170
155	1104629	4074501
156	1222314	4006177
157	1524458	3657058
158	1377792	3436732
159	1440750	3165218
160	1093743	3352189
161	902346	3940840
162	923911	4332394
163	885799	4610429
164	808788	4515516
165	849832	4275562
166	1037518	4560350
167	1274637	4621676
168	1430342	3706383
169	1683863	4873060
170	1573709	4206926
171	1962827	4960083
172	1856142	4815408
173	1334057	3937493
174	1018609	5182969
175	1287796	5892709
176	1399626	7092244
177	1250926	6221634
178	1515532	6891673
179	2119094	6313969
180	2079360	5504940
181	1789803	5513466
182	1774989	5887391
183	2600948	6758802
184	2246412	6673049
185	1579121	6634359
186	1370401	6368125
187	1063434	6307983
188	1428436	7449686
189	1277121	6768944
190	1882821	7188442
191	2910679	7070231
192	3388056	7446621
193	2344516	7671069
194	2777308	6848461
195	3114960	7831234
196	1979310	7182349
197	1758791	7410648
198	1646293	7340537
199	1392729	8113296
200	1880035	8274645
201	1962524	7835488
202	1815925	7848593
203	2663696	9180352
204	3180980	9695542
205	3772747	9768146
206	3256252	8067521
207	4087187	8895843
208	2831690	8394581
209	2286216	8728582
210	1913061	9323330
211	1907705	9852863
212	1623505	9758390
213	2152444	8415430
214	2078217	8123334
215	2084492	7984090
216	2778160	9249755
217	3191784	9133508
218	3175882	8443399
219	4187952	9156591
220	2325036	8835143
221	2269164	9497749
222	2051729	9674766
223	2155021	9973046
224	1838133	9877409
225	1846482	9386719
226	2115204	9460918
227	2702337	9009106
228	3636556	9373543
229	3777986	9274951
230	2563747	8090205
231	2488842	9431147
232	2344374	8537745
233	2362912	8816632
234	1911538	9299773
235	1564336	9681347
236	1683553	9314461
237	1660297	9004652
238	2051620	9301717
239	2962614	8812836
240	2953294	8958175
241	3162188	8527784
242	2648020	7693599
243	4058863	9025677
244	2642483	8042839
245	2300205	8402890
246	1960052	8437957
247	1606653	8882993
248	1648616	8583784
249	1729581	7945030
250	2288981	8311530
251	2090915	7917322
252	2212100	8433973
253	3352360	8313703
254	3485851	7579183
255	3074189	8086597
256	1891656	6728153
257	2450438	8064566
258	2191497	8055129
259	1643460	8622940
260	1517711	8359774
261	1662231	7927989
262	1723715	8054988
263	2038727	7698760
264	2286664	8170713
265	2344444	7828674
266	1874397	6792596
267	4086476	7538047
268	3708298	6912986
269	2037814	7090426
270	1640371	7484482
271	1378748	7865648
272	1526670	7781420
273	1161347	7282600
274	1477217	7569919
275	2046371	7683578
276	2465651	7829912
277	2515326	7628728
278	3267242	6784873
279	3662241	7551004
280	2629190	6873481
281	1581389	7490110
282	1704577	7455205
283	1562043	7713750
284	1214371	7642063
285	1495176	7392671
286	2117390	7455342
287	2043895	7139778
288	3551440	7386167
289	4224517	7376899
290	3820916	6760578
291	3796658	7167452
292	3118320	7091017
293	2489084	6534981
294	2055898	6741779
295	1291013	7354725
296	1387012	7468610
297	1284474	7106077
298	1695742	6988678
299	1986926	6843189
300	3032568	6945575
301	2606672	6876780
302	3604782	6257546
303	2387797	6381663
304	1977232	6432764
305	1822096	6493322
306	1289340	6099647
307	1081637	6588926
308	1189742	6971403
309	1173604	6582135
310	1767828	6669887
311	2485447	6446877
312	3137889	6626395
313	3793540	4947218
314	2496745	3872816
315	3560603	4040488
316	3252562	3716203
317	2730957	3706233
318	1304919	3970128
319	917368	4530374
320	1021258	6251774
321	1328848	6510858
322	1449108	6914744
323	1820981	6369135
324	3149341	6274107
325	3611675	4565598
326	4165885	4565713
327	3525183	4310802
328	3263002	4765683
329	2590959	4665990
330	1897709	4956081
331	1018364	6625611
332	1544697	6685375
333	1214440	5928639
334	1566377	6239268
335	2328503	6248627
336	3874927	5553532
337	3911580	5231613
338	3167932	4222242
339	2352132	5230726
340	1558638	5423090
341	1300204	5666520
342	1260399	4955710
343	1063171	6122642
344	1277930	6177790
345	1192731	5860293
346	1596403	5757072
347	3129375	5711935
348	4891208	6128791
349	5538140	5955719
350	5071491	4944318
351	5104742	5590004
352	5466481	4246701
353	4134584	4258555
354	3618139	4943168
355	1840171	5931453
356	1655668	6312011
357	2235793	6207764
358	2479605	6317732
359	3277490	5899791
360	3888857	5845065
361	3837408	5591872
362	4555325	4888118
363	5344890	5208135
364	4497250	5138414
365	2431634	5036940
366	2051654	5256691
367	1925045	5844303
368	1590363	6071738
369	1706624	5736518
370	1834566	5840084
371	2566209	5400428
372	2578154	5454149
373	4395866	5437046
374	4980487	4613853
375	4708857	4791954
376	2976759	4634948
377	2646775	5209223
378	1337781	4982633
379	2043915	5535539
380	1784631	5827218
381	1702567	5481037
382	2156812	5629929
383	2347400	5632634
384	2318003	5877888
385	3465984	5864444
386	3990812	5056581
387	4042351	5582746
388	2685911	4961363
389	2150087	5085523
390	2118176	5186029
391	1990215	5686539
392	1946197	5584971
393	1904046	5459424
394	1936010	5420594
395	2697212	5380652
396	4956070	5541145
397	3872645	5556299
398	3249130	4912600
399	3598276	5433422
400	2332596	5001081
401	2172632	5115107
402	1764748	4776476
403	1587314	5353779
404	1729174	5418831
405	1675423	5218415
406	1949562	5241760
407	2022889	4920541
408	3614966	5172457
409	4602074	5196487
410	4077993	4734644
411	3757592	5087229
412	4074522	4949405
413	3301976	5074228
414	1873602	5075838
415	1439230	5234909
416	1579554	5150224
417	1531483	4949692
418	1822683	5243513
419	2847991	5137738
420	5351719	5306382
421	6393375	5203224
422	6216272	4902694
423	4534017	5307594
424	3188340	5152453
425	3199492	5282340
426	3203946	5150225
427	2730287	5322883
428	2765298	5345899
429	2189119	4808226
430	4120198	5336030
431	3732298	4906446
432	5086888	5051061
433	6571011	5037688
434	5284788	4467081
435	6037166	4798939
436	5323923	4903974
437	5174869	5389746
438	3864697	5244814
439	2968004	5419880
440	3000098	5318023
441	3185288	5060167
442	3591224	5189613
443	3803971	4949452
444	5309245	5191985
445	6392981	5239087
446	4684729	4572506
447	6996787	5314326
448	5720847	4712747
449	3429827	4893756
450	3011118	4949652
451	2915035	5323838
452	2994712	5364710
453	2943486	4987645
454	3604283	5095976
455	4115876	4934063
456	4874317	5257765
457	4127723	5226424
458	5082403	4719691
459	4329637	5003231
460	3546419	5020868
461	3302110	5013623
462	3179418	5083608
463	3082165	5365664
464	2685879	5357099
465	3380956	5173910
466	4033094	5302320
467	3949352	5107506
468	4833545	5263360
469	5588517	5216487
470	5027874	4801058
471	4489104	5112700
472	3498238	4908927
473	3349158	5056059
474	2970012	5047020
475	2576729	5246836
476	2688955	5254989
477	2751617	4978506
478	3671075	5220900
479	4227377	5021443
480	4793758	5047377
481	3776125	5110568
482	4237120	4557517
483	4581989	5066786
484	3360648	4895325
485	2946022	4886057
486	3152741	4739878
487	2617685	5061719
488	2216926	5030794
489	2753839	4774501
490	3569802	4842043
491	4216768	4730042
492	4860032	5034850
493	5138004	5008775
494	4940237	4523008
495	4563165	4903379
496	4834770	4659081
497	4617473	4895837
498	3344061	4762730
499	2665579	5061154
500	3102995	5004827
501	3188865	4889891
502	3654461	4826239
503	4594506	4774421
504	5789503	5028099
505	3864923	5043324
506	4749641	4576819
507	5799904	5032755
508	4545773	4710211
509	3751183	5015882
510	3550004	4577695
511	3425352	5045548
512	3069924	5064975
513	3098398	4846087
514	3799193	4990066
515	4538506	4878966
516	4586374	5033999
517	4568330	5034551
518	3976723	4690214
519	4572397	4854306
520	4372080	4734297
521	3424680	4864456
522	3382691	4722115
523	3063680	5057112
524	2244367	5044129
525	2668969	4863619
526	3762727	4867566
527	4547742	4853825
528	5692880	4957478
529	5262281	4974352
530	4346687	4502639
531	4027845	4943296
532	3657204	4427571
533	3258341	4739606
534	3072161	4583694
535	2990180	4976913
536	3216133	4931030
537	2547005	4702023
538	3435983	4761972
539	3846230	4503133
540	3792784	4511814
541	3869456	4366653
542	3933173	4003107
543	4173421	4531241
544	2973326	4525579
545	2308237	4681021
546	2261200	4602316
547	2151660	4899161
548	2142262	4886026
549	2148566	4675000
550	2671851	4770636
551	2996102	4639368
552	4717368	4626131
553	3806286	4635285
554	3759360	4233570
555	2911420	4818935
556	2710089	4098506
557	2975372	4583501
558	2687169	4517250
559	2708800	4729906
560	3033705	4684428
561	1395984	3635411
562	2801452	4049490
563	3843919	3877131
564	3798418	3944916
565	4853774	4065501
566	3556087	3881205
567	4194825	4163981
568	2953982	3777392
569	3020249	4487777
570	2951446	4340949
571	2664404	4697811
572	2178174	4675369
573	2598832	4576529
574	3939665	4469287
